{
 "cells": [
  {
   "cell_type": "code",
   "execution_count": 3,
   "id": "20929b16",
   "metadata": {},
   "outputs": [
    {
     "name": "stdout",
     "output_type": "stream",
     "text": [
      "***passed***\n",
      "[0] \n",
      "   non-invertibles: [3, 5, 6, 9, 10, 12]\n",
      "[1] \n",
      "   invertibles: [[2], [4], [7], [8], [11], [13], [14]]\n",
      "[1, 14] \n",
      "   cosets:\n",
      "   [2, 13]\n",
      "   [4, 11]\n",
      "   [7, 8]\n",
      "[1, 11] \n",
      "   cosets:\n",
      "   [2, 7]\n",
      "   [4, 14]\n",
      "   [8, 13]\n",
      "[1, 4] \n",
      "   cosets:\n",
      "   [2, 8]\n",
      "   [7, 13]\n",
      "   [11, 14]\n",
      "[1, 13, 4, 7] \n",
      "   cosets:\n",
      "   [2, 11, 8, 14]\n",
      "[1, 8, 4, 2] \n",
      "   cosets:\n",
      "   [7, 11, 13, 14]\n",
      "[1, 7, 4, 13] \n",
      "   cosets:\n",
      "   [2, 14, 8, 11]\n",
      "[1, 2, 4, 8] \n",
      "   cosets:\n",
      "   [7, 14, 13, 11]\n",
      "\n",
      "invertible times an non-invertible\n",
      "1 [0, 3, 5, 6, 9, 10, 12]\n",
      "2 [0, 6, 10, 12, 3, 5, 9]\n",
      "4 [0, 12, 5, 9, 6, 10, 3]\n",
      "7 [0, 6, 5, 12, 3, 10, 9]\n",
      "8 [0, 9, 10, 3, 12, 5, 6]\n",
      "11 [0, 3, 10, 6, 9, 5, 12]\n",
      "13 [0, 9, 5, 3, 12, 10, 6]\n",
      "14 [0, 12, 10, 9, 6, 5, 3]\n",
      "\n",
      "product of non-invertibles\n",
      "3 [0, 9, 0, 3, 12, 0, 6]\n",
      "5 [0, 0, 10, 0, 0, 5, 0]\n",
      "6 [0, 3, 0, 6, 9, 0, 12]\n",
      "9 [0, 12, 0, 9, 6, 0, 3]\n",
      "10 [0, 0, 5, 0, 0, 10, 0]\n",
      "12 [0, 6, 0, 12, 3, 0, 9]\n",
      "***a prime power, twice a prime power, or 4***\n",
      "[0] \n",
      "   non-invertibles: []\n",
      "[1] \n",
      "   invertibles: [[2], [3], [4], [5], [6], [7], [8], [9], [10], [11], [12], [13], [14], [15], [16], [17], [18], [19], [20], [21], [22], [23], [24], [25], [26], [27], [28], [29], [30], [31], [32], [33], [34], [35], [36], [37], [38], [39], [40], [41], [42], [43], [44], [45], [46], [47], [48], [49], [50], [51], [52], [53], [54], [55], [56], [57], [58], [59], [60], [61], [62], [63], [64], [65], [66], [67], [68], [69], [70], [71], [72], [73], [74], [75], [76], [77], [78], [79], [80], [81], [82], [83], [84], [85], [86], [87], [88], [89], [90], [91], [92], [93], [94], [95], [96]]\n",
      "[1, 96] \n",
      "   cosets:\n",
      "   [2, 95]\n",
      "   [3, 94]\n",
      "   [4, 93]\n",
      "   [5, 92]\n",
      "   [6, 91]\n",
      "   [7, 90]\n",
      "   [8, 89]\n",
      "   [9, 88]\n",
      "   [10, 87]\n",
      "   [11, 86]\n",
      "   [12, 85]\n",
      "   [13, 84]\n",
      "   [14, 83]\n",
      "   [15, 82]\n",
      "   [16, 81]\n",
      "   [17, 80]\n",
      "   [18, 79]\n",
      "   [19, 78]\n",
      "   [20, 77]\n",
      "   [21, 76]\n",
      "   [22, 75]\n",
      "   [23, 74]\n",
      "   [24, 73]\n",
      "   [25, 72]\n",
      "   [26, 71]\n",
      "   [27, 70]\n",
      "   [28, 69]\n",
      "   [29, 68]\n",
      "   [30, 67]\n",
      "   [31, 66]\n",
      "   [32, 65]\n",
      "   [33, 64]\n",
      "   [34, 63]\n",
      "   [35, 62]\n",
      "   [36, 61]\n",
      "   [37, 60]\n",
      "   [38, 59]\n",
      "   [39, 58]\n",
      "   [40, 57]\n",
      "   [41, 56]\n",
      "   [42, 55]\n",
      "   [43, 54]\n",
      "   [44, 53]\n",
      "   [45, 52]\n",
      "   [46, 51]\n",
      "   [47, 50]\n",
      "   [48, 49]\n",
      "[1, 61, 35] \n",
      "   cosets:\n",
      "   [2, 25, 70]\n",
      "   [3, 86, 8]\n",
      "   [4, 50, 43]\n",
      "   [5, 14, 78]\n",
      "   [6, 75, 16]\n",
      "   [7, 39, 51]\n",
      "   [9, 64, 24]\n",
      "   [10, 28, 59]\n",
      "   [11, 89, 94]\n",
      "   [12, 53, 32]\n",
      "   [13, 17, 67]\n",
      "   [15, 42, 40]\n",
      "   [18, 31, 48]\n",
      "   [19, 92, 83]\n",
      "   [20, 56, 21]\n",
      "   [22, 81, 91]\n",
      "   [23, 45, 29]\n",
      "   [26, 34, 37]\n",
      "   [27, 95, 72]\n",
      "   [30, 84, 80]\n",
      "   [33, 73, 88]\n",
      "   [36, 62, 96]\n",
      "   [38, 87, 69]\n",
      "   [41, 76, 77]\n",
      "   [44, 65, 85]\n",
      "   [46, 90, 58]\n",
      "   [47, 54, 93]\n",
      "   [49, 79, 66]\n",
      "   [52, 68, 74]\n",
      "   [55, 57, 82]\n",
      "   [60, 71, 63]\n",
      "[1, 35, 61] \n",
      "   cosets:\n",
      "   [2, 70, 25]\n",
      "   [3, 8, 86]\n",
      "   [4, 43, 50]\n",
      "   [5, 78, 14]\n",
      "   [6, 16, 75]\n",
      "   [7, 51, 39]\n",
      "   [9, 24, 64]\n",
      "   [10, 59, 28]\n",
      "   [11, 94, 89]\n",
      "   [12, 32, 53]\n",
      "   [13, 67, 17]\n",
      "   [15, 40, 42]\n",
      "   [18, 48, 31]\n",
      "   [19, 83, 92]\n",
      "   [20, 21, 56]\n",
      "   [22, 91, 81]\n",
      "   [23, 29, 45]\n",
      "   [26, 37, 34]\n",
      "   [27, 72, 95]\n",
      "   [30, 80, 84]\n",
      "   [33, 88, 73]\n",
      "   [36, 96, 62]\n",
      "   [38, 69, 87]\n",
      "   [41, 77, 76]\n",
      "   [44, 85, 65]\n",
      "   [46, 58, 90]\n",
      "   [47, 93, 54]\n",
      "   [49, 66, 79]\n",
      "   [52, 74, 68]\n",
      "   [55, 82, 57]\n",
      "   [60, 63, 71]\n",
      "[1, 75, 96, 22] \n",
      "   cosets:\n",
      "   [2, 53, 95, 44]\n",
      "   [3, 31, 94, 66]\n",
      "   [4, 9, 93, 88]\n",
      "   [5, 84, 92, 13]\n",
      "   [6, 62, 91, 35]\n",
      "   [7, 40, 90, 57]\n",
      "   [8, 18, 89, 79]\n",
      "   [10, 71, 87, 26]\n",
      "   [11, 49, 86, 48]\n",
      "   [12, 27, 85, 70]\n",
      "   [14, 80, 83, 17]\n",
      "   [15, 58, 82, 39]\n",
      "   [16, 36, 81, 61]\n",
      "   [19, 67, 78, 30]\n",
      "   [20, 45, 77, 52]\n",
      "   [21, 23, 76, 74]\n",
      "   [24, 54, 73, 43]\n",
      "   [25, 32, 72, 65]\n",
      "   [28, 63, 69, 34]\n",
      "   [29, 41, 68, 56]\n",
      "   [33, 50, 64, 47]\n",
      "   [37, 59, 60, 38]\n",
      "   [42, 46, 55, 51]\n",
      "[1, 22, 96, 75] \n",
      "   cosets:\n",
      "   [2, 44, 95, 53]\n",
      "   [3, 66, 94, 31]\n",
      "   [4, 88, 93, 9]\n",
      "   [5, 13, 92, 84]\n",
      "   [6, 35, 91, 62]\n",
      "   [7, 57, 90, 40]\n",
      "   [8, 79, 89, 18]\n",
      "   [10, 26, 87, 71]\n",
      "   [11, 48, 86, 49]\n",
      "   [12, 70, 85, 27]\n",
      "   [14, 17, 83, 80]\n",
      "   [15, 39, 82, 58]\n",
      "   [16, 61, 81, 36]\n",
      "   [19, 30, 78, 67]\n",
      "   [20, 52, 77, 45]\n",
      "   [21, 74, 76, 23]\n",
      "   [24, 43, 73, 54]\n",
      "   [25, 65, 72, 32]\n",
      "   [28, 34, 69, 63]\n",
      "   [29, 56, 68, 41]\n",
      "   [33, 47, 64, 50]\n",
      "   [37, 38, 60, 59]\n",
      "   [42, 51, 55, 46]\n",
      "[1, 62, 61, 96, 35, 36] \n",
      "   cosets:\n",
      "   [2, 27, 25, 95, 70, 72]\n",
      "   [3, 89, 86, 94, 8, 11]\n",
      "   [4, 54, 50, 93, 43, 47]\n",
      "   [5, 19, 14, 92, 78, 83]\n",
      "   [6, 81, 75, 91, 16, 22]\n",
      "   [7, 46, 39, 90, 51, 58]\n",
      "   [9, 73, 64, 88, 24, 33]\n",
      "   [10, 38, 28, 87, 59, 69]\n",
      "   [12, 65, 53, 85, 32, 44]\n",
      "   [13, 30, 17, 84, 67, 80]\n",
      "   [15, 57, 42, 82, 40, 55]\n",
      "   [18, 49, 31, 79, 48, 66]\n",
      "   [20, 76, 56, 77, 21, 41]\n",
      "   [23, 68, 45, 74, 29, 52]\n",
      "   [26, 60, 34, 71, 37, 63]\n",
      "[1, 36, 35, 96, 61, 62] \n",
      "   cosets:\n",
      "   [2, 72, 70, 95, 25, 27]\n",
      "   [3, 11, 8, 94, 86, 89]\n",
      "   [4, 47, 43, 93, 50, 54]\n",
      "   [5, 83, 78, 92, 14, 19]\n",
      "   [6, 22, 16, 91, 75, 81]\n",
      "   [7, 58, 51, 90, 39, 46]\n",
      "   [9, 33, 24, 88, 64, 73]\n",
      "   [10, 69, 59, 87, 28, 38]\n",
      "   [12, 44, 32, 85, 53, 65]\n",
      "   [13, 80, 67, 84, 17, 30]\n",
      "   [15, 55, 40, 82, 42, 57]\n",
      "   [18, 66, 48, 79, 31, 49]\n",
      "   [20, 41, 21, 77, 56, 76]\n",
      "   [23, 52, 29, 74, 45, 68]\n",
      "   [26, 63, 37, 71, 34, 60]\n",
      "[1, 64, 22, 50, 96, 33, 75, 47] \n",
      "   cosets:\n",
      "   [2, 31, 44, 3, 95, 66, 53, 94]\n",
      "   [4, 62, 88, 6, 93, 35, 9, 91]\n",
      "   [5, 29, 13, 56, 92, 68, 84, 41]\n",
      "   [7, 60, 57, 59, 90, 37, 40, 38]\n",
      "   [8, 27, 79, 12, 89, 70, 18, 85]\n",
      "   [10, 58, 26, 15, 87, 39, 71, 82]\n",
      "   [11, 25, 48, 65, 86, 72, 49, 32]\n",
      "   [14, 23, 17, 21, 83, 74, 80, 76]\n",
      "   [16, 54, 61, 24, 81, 43, 36, 73]\n",
      "   [19, 52, 30, 77, 78, 45, 67, 20]\n",
      "   [28, 46, 34, 42, 69, 51, 63, 55]\n",
      "[1, 50, 75, 64, 96, 47, 22, 33] \n",
      "   cosets:\n",
      "   [2, 3, 53, 31, 95, 94, 44, 66]\n",
      "   [4, 6, 9, 62, 93, 91, 88, 35]\n",
      "   [5, 56, 84, 29, 92, 41, 13, 68]\n",
      "   [7, 59, 40, 60, 90, 38, 57, 37]\n",
      "   [8, 12, 18, 27, 89, 85, 79, 70]\n",
      "   [10, 15, 71, 58, 87, 82, 26, 39]\n",
      "   [11, 65, 49, 25, 86, 32, 48, 72]\n",
      "   [14, 21, 80, 23, 83, 76, 17, 74]\n",
      "   [16, 24, 36, 54, 81, 73, 61, 43]\n",
      "   [19, 77, 67, 52, 78, 20, 30, 45]\n",
      "   [28, 42, 63, 46, 69, 55, 34, 51]\n",
      "[1, 47, 75, 33, 96, 50, 22, 64] \n",
      "   cosets:\n",
      "   [2, 94, 53, 66, 95, 3, 44, 31]\n",
      "   [4, 91, 9, 35, 93, 6, 88, 62]\n",
      "   [5, 41, 84, 68, 92, 56, 13, 29]\n",
      "   [7, 38, 40, 37, 90, 59, 57, 60]\n",
      "   [8, 85, 18, 70, 89, 12, 79, 27]\n",
      "   [10, 82, 71, 39, 87, 15, 26, 58]\n",
      "   [11, 32, 49, 72, 86, 65, 48, 25]\n",
      "   [14, 76, 80, 74, 83, 21, 17, 23]\n",
      "   [16, 73, 36, 43, 81, 24, 61, 54]\n",
      "   [19, 20, 67, 45, 78, 77, 30, 52]\n",
      "   [28, 55, 63, 51, 69, 42, 34, 46]\n",
      "[1, 33, 22, 47, 96, 64, 75, 50] \n",
      "   cosets:\n",
      "   [2, 66, 44, 94, 95, 31, 53, 3]\n",
      "   [4, 35, 88, 91, 93, 62, 9, 6]\n",
      "   [5, 68, 13, 41, 92, 29, 84, 56]\n",
      "   [7, 37, 57, 38, 90, 60, 40, 59]\n",
      "   [8, 70, 79, 85, 89, 27, 18, 12]\n",
      "   [10, 39, 26, 82, 87, 58, 71, 15]\n",
      "   [11, 72, 48, 32, 86, 25, 49, 65]\n",
      "   [14, 74, 17, 76, 83, 23, 80, 21]\n",
      "   [16, 43, 61, 73, 81, 54, 36, 24]\n",
      "   [19, 45, 30, 20, 78, 52, 67, 77]\n",
      "   [28, 51, 34, 55, 69, 46, 63, 42]\n",
      "[1, 91, 36, 75, 35, 81, 96, 6, 61, 22, 62, 16] \n",
      "   cosets:\n",
      "   [2, 85, 72, 53, 70, 65, 95, 12, 25, 44, 27, 32]\n",
      "   [3, 79, 11, 31, 8, 49, 94, 18, 86, 66, 89, 48]\n",
      "   [4, 73, 47, 9, 43, 33, 93, 24, 50, 88, 54, 64]\n",
      "   [5, 67, 83, 84, 78, 17, 92, 30, 14, 13, 19, 80]\n",
      "   [7, 55, 58, 40, 51, 82, 90, 42, 39, 57, 46, 15]\n",
      "   [10, 37, 69, 71, 59, 34, 87, 60, 28, 26, 38, 63]\n",
      "   [20, 74, 41, 45, 21, 68, 77, 23, 56, 52, 76, 29]\n",
      "[1, 81, 62, 75, 61, 91, 96, 16, 35, 22, 36, 6] \n",
      "   cosets:\n",
      "   [2, 65, 27, 53, 25, 85, 95, 32, 70, 44, 72, 12]\n",
      "   [3, 49, 89, 31, 86, 79, 94, 48, 8, 66, 11, 18]\n",
      "   [4, 33, 54, 9, 50, 73, 93, 64, 43, 88, 47, 24]\n",
      "   [5, 17, 19, 84, 14, 67, 92, 80, 78, 13, 83, 30]\n",
      "   [7, 82, 46, 40, 39, 55, 90, 15, 51, 57, 58, 42]\n",
      "   [10, 34, 38, 71, 28, 37, 87, 63, 59, 26, 69, 60]\n",
      "   [20, 68, 76, 45, 56, 74, 77, 29, 21, 52, 41, 23]\n",
      "[1, 16, 62, 22, 61, 6, 96, 81, 35, 75, 36, 91] \n",
      "   cosets:\n",
      "   [2, 32, 27, 44, 25, 12, 95, 65, 70, 53, 72, 85]\n",
      "   [3, 48, 89, 66, 86, 18, 94, 49, 8, 31, 11, 79]\n",
      "   [4, 64, 54, 88, 50, 24, 93, 33, 43, 9, 47, 73]\n",
      "   [5, 80, 19, 13, 14, 30, 92, 17, 78, 84, 83, 67]\n",
      "   [7, 15, 46, 57, 39, 42, 90, 82, 51, 40, 58, 55]\n",
      "   [10, 63, 38, 26, 28, 60, 87, 34, 59, 71, 69, 37]\n",
      "   [20, 29, 76, 52, 56, 23, 77, 68, 21, 45, 41, 74]\n",
      "[1, 6, 36, 22, 35, 16, 96, 91, 61, 75, 62, 81] \n",
      "   cosets:\n",
      "   [2, 12, 72, 44, 70, 32, 95, 85, 25, 53, 27, 65]\n",
      "   [3, 18, 11, 66, 8, 48, 94, 79, 86, 31, 89, 49]\n",
      "   [4, 24, 47, 88, 43, 64, 93, 73, 50, 9, 54, 33]\n",
      "   [5, 30, 83, 13, 78, 80, 92, 67, 14, 84, 19, 17]\n",
      "   [7, 42, 58, 57, 51, 15, 90, 55, 39, 40, 46, 82]\n",
      "   [10, 60, 69, 26, 59, 63, 87, 37, 28, 71, 38, 34]\n",
      "   [20, 23, 41, 52, 21, 29, 77, 74, 56, 45, 76, 68]\n",
      "[1, 89, 64, 70, 22, 18, 50, 85, 96, 8, 33, 27, 75, 79, 47, 12] \n",
      "   cosets:\n",
      "   [2, 81, 31, 43, 44, 36, 3, 73, 95, 16, 66, 54, 53, 61, 94, 24]\n",
      "   [4, 65, 62, 86, 88, 72, 6, 49, 93, 32, 35, 11, 9, 25, 91, 48]\n",
      "   [5, 57, 29, 59, 13, 90, 56, 37, 92, 40, 68, 38, 84, 7, 41, 60]\n",
      "   [10, 17, 58, 21, 26, 83, 15, 74, 87, 80, 39, 76, 71, 14, 82, 23]\n",
      "   [19, 42, 52, 69, 30, 51, 77, 63, 78, 55, 45, 28, 67, 46, 20, 34]\n",
      "[1, 85, 47, 18, 75, 70, 33, 89, 96, 12, 50, 79, 22, 27, 64, 8] \n",
      "   cosets:\n",
      "   [2, 73, 94, 36, 53, 43, 66, 81, 95, 24, 3, 61, 44, 54, 31, 16]\n",
      "   [4, 49, 91, 72, 9, 86, 35, 65, 93, 48, 6, 25, 88, 11, 62, 32]\n",
      "   [5, 37, 41, 90, 84, 59, 68, 57, 92, 60, 56, 7, 13, 38, 29, 40]\n",
      "   [10, 74, 82, 83, 71, 21, 39, 17, 87, 23, 15, 14, 26, 76, 58, 80]\n",
      "   [19, 63, 20, 51, 67, 69, 45, 42, 78, 34, 77, 46, 30, 28, 52, 55]\n",
      "[1, 79, 33, 85, 22, 89, 47, 27, 96, 18, 64, 12, 75, 8, 50, 70] \n",
      "   cosets:\n",
      "   [2, 61, 66, 73, 44, 81, 94, 54, 95, 36, 31, 24, 53, 16, 3, 43]\n",
      "   [4, 25, 35, 49, 88, 65, 91, 11, 93, 72, 62, 48, 9, 32, 6, 86]\n",
      "   [5, 7, 68, 37, 13, 57, 41, 38, 92, 90, 29, 60, 84, 40, 56, 59]\n",
      "   [10, 14, 39, 74, 26, 17, 82, 76, 87, 83, 58, 23, 71, 80, 15, 21]\n",
      "   [19, 46, 45, 63, 30, 42, 20, 28, 78, 51, 52, 34, 67, 55, 77, 69]\n",
      "[1, 70, 50, 8, 75, 12, 64, 18, 96, 27, 47, 89, 22, 85, 33, 79] \n",
      "   cosets:\n",
      "   [2, 43, 3, 16, 53, 24, 31, 36, 95, 54, 94, 81, 44, 73, 66, 61]\n",
      "   [4, 86, 6, 32, 9, 48, 62, 72, 93, 11, 91, 65, 88, 49, 35, 25]\n",
      "   [5, 59, 56, 40, 84, 60, 29, 90, 92, 38, 41, 57, 13, 37, 68, 7]\n",
      "   [10, 21, 15, 80, 71, 23, 58, 83, 87, 76, 82, 17, 26, 74, 39, 14]\n",
      "   [19, 69, 77, 55, 67, 34, 52, 51, 78, 28, 20, 42, 30, 63, 45, 46]\n",
      "[1, 27, 50, 89, 75, 85, 64, 79, 96, 70, 47, 8, 22, 12, 33, 18] \n",
      "   cosets:\n",
      "   [2, 54, 3, 81, 53, 73, 31, 61, 95, 43, 94, 16, 44, 24, 66, 36]\n",
      "   [4, 11, 6, 65, 9, 49, 62, 25, 93, 86, 91, 32, 88, 48, 35, 72]\n",
      "   [5, 38, 56, 57, 84, 37, 29, 7, 92, 59, 41, 40, 13, 60, 68, 90]\n",
      "   [10, 76, 15, 17, 71, 74, 58, 14, 87, 21, 82, 80, 26, 23, 39, 83]\n",
      "   [19, 28, 77, 42, 67, 63, 52, 46, 78, 69, 20, 55, 30, 34, 45, 51]\n",
      "[1, 18, 33, 12, 22, 8, 47, 70, 96, 79, 64, 85, 75, 89, 50, 27] \n",
      "   cosets:\n",
      "   [2, 36, 66, 24, 44, 16, 94, 43, 95, 61, 31, 73, 53, 81, 3, 54]\n",
      "   [4, 72, 35, 48, 88, 32, 91, 86, 93, 25, 62, 49, 9, 65, 6, 11]\n",
      "   [5, 90, 68, 60, 13, 40, 41, 59, 92, 7, 29, 37, 84, 57, 56, 38]\n",
      "   [10, 83, 39, 23, 26, 80, 82, 21, 87, 14, 58, 74, 71, 17, 15, 76]\n",
      "   [19, 51, 45, 34, 30, 55, 20, 69, 78, 46, 52, 63, 67, 42, 77, 28]\n",
      "[1, 12, 47, 79, 75, 27, 33, 8, 96, 85, 50, 18, 22, 70, 64, 89] \n",
      "   cosets:\n",
      "   [2, 24, 94, 61, 53, 54, 66, 16, 95, 73, 3, 36, 44, 43, 31, 81]\n",
      "   [4, 48, 91, 25, 9, 11, 35, 32, 93, 49, 6, 72, 88, 86, 62, 65]\n",
      "   [5, 60, 41, 7, 84, 38, 68, 40, 92, 37, 56, 90, 13, 59, 29, 57]\n",
      "   [10, 23, 82, 14, 71, 76, 39, 80, 87, 74, 15, 83, 26, 21, 58, 17]\n",
      "   [19, 34, 20, 46, 67, 28, 45, 55, 78, 63, 77, 51, 30, 69, 52, 42]\n",
      "[1, 8, 64, 27, 22, 79, 50, 12, 96, 89, 33, 70, 75, 18, 47, 85] \n",
      "   cosets:\n",
      "   [2, 16, 31, 54, 44, 61, 3, 24, 95, 81, 66, 43, 53, 36, 94, 73]\n",
      "   [4, 32, 62, 11, 88, 25, 6, 48, 93, 65, 35, 86, 9, 72, 91, 49]\n",
      "   [5, 40, 29, 38, 13, 7, 56, 60, 92, 57, 68, 59, 84, 90, 41, 37]\n",
      "   [10, 80, 58, 76, 26, 14, 15, 23, 87, 17, 39, 21, 71, 83, 82, 74]\n",
      "   [19, 55, 52, 28, 30, 46, 77, 34, 78, 42, 45, 69, 67, 51, 20, 63]\n",
      "[1, 93, 16, 33, 62, 43, 22, 9, 61, 47, 6, 73, 96, 4, 81, 64, 35, 54, 75, 88, 36, 50, 91, 24] \n",
      "   cosets:\n",
      "   [2, 89, 32, 66, 27, 86, 44, 18, 25, 94, 12, 49, 95, 8, 65, 31, 70, 11, 53, 79, 72, 3, 85, 48]\n",
      "   [5, 77, 80, 68, 19, 21, 13, 45, 14, 41, 30, 74, 92, 20, 17, 29, 78, 76, 84, 52, 83, 56, 67, 23]\n",
      "   [7, 69, 15, 37, 46, 10, 57, 63, 39, 38, 42, 26, 90, 28, 82, 60, 51, 87, 40, 34, 58, 59, 55, 71]\n",
      "[1, 88, 81, 47, 62, 24, 75, 4, 61, 33, 91, 54, 96, 9, 16, 50, 35, 73, 22, 93, 36, 64, 6, 43] \n",
      "   cosets:\n",
      "   [2, 79, 65, 94, 27, 48, 53, 8, 25, 66, 85, 11, 95, 18, 32, 3, 70, 49, 44, 89, 72, 31, 12, 86]\n",
      "   [5, 52, 17, 41, 19, 23, 84, 20, 14, 68, 67, 76, 92, 45, 80, 56, 78, 74, 13, 77, 83, 29, 30, 21]\n",
      "   [7, 34, 82, 38, 46, 71, 40, 28, 39, 37, 55, 87, 90, 63, 15, 59, 51, 26, 57, 69, 58, 60, 42, 10]\n",
      "[1, 73, 91, 47, 36, 9, 75, 43, 35, 33, 81, 93, 96, 24, 6, 50, 61, 88, 22, 54, 62, 64, 16, 4] \n",
      "   cosets:\n",
      "   [2, 49, 85, 94, 72, 18, 53, 86, 70, 66, 65, 89, 95, 48, 12, 3, 25, 79, 44, 11, 27, 31, 32, 8]\n",
      "   [5, 74, 67, 41, 83, 45, 84, 21, 78, 68, 17, 77, 92, 23, 30, 56, 14, 52, 13, 76, 19, 29, 80, 20]\n",
      "   [7, 26, 55, 38, 58, 63, 40, 10, 51, 37, 82, 69, 90, 71, 42, 59, 39, 34, 57, 87, 46, 60, 15, 28]\n",
      "[1, 54, 6, 33, 36, 4, 22, 24, 35, 47, 16, 88, 96, 43, 91, 64, 61, 93, 75, 73, 62, 50, 81, 9] \n",
      "   cosets:\n",
      "   [2, 11, 12, 66, 72, 8, 44, 48, 70, 94, 32, 79, 95, 86, 85, 31, 25, 89, 53, 49, 27, 3, 65, 18]\n",
      "   [5, 76, 30, 68, 83, 20, 13, 23, 78, 41, 80, 52, 92, 21, 67, 29, 14, 77, 84, 74, 19, 56, 17, 45]\n",
      "   [7, 87, 42, 37, 58, 28, 57, 71, 51, 38, 15, 34, 90, 10, 55, 60, 39, 69, 40, 26, 46, 59, 82, 63]\n",
      "[1, 43, 6, 64, 36, 93, 22, 73, 35, 50, 16, 9, 96, 54, 91, 33, 61, 4, 75, 24, 62, 47, 81, 88] \n",
      "   cosets:\n",
      "   [2, 86, 12, 31, 72, 89, 44, 49, 70, 3, 32, 18, 95, 11, 85, 66, 25, 8, 53, 48, 27, 94, 65, 79]\n",
      "   [5, 21, 30, 29, 83, 77, 13, 74, 78, 56, 80, 45, 92, 76, 67, 68, 14, 20, 84, 23, 19, 41, 17, 52]\n",
      "   [7, 10, 42, 60, 58, 69, 57, 26, 51, 59, 15, 63, 90, 87, 55, 37, 39, 28, 40, 71, 46, 38, 82, 34]\n",
      "[1, 24, 91, 50, 36, 88, 75, 54, 35, 64, 81, 4, 96, 73, 6, 47, 61, 9, 22, 43, 62, 33, 16, 93] \n",
      "   cosets:\n",
      "   [2, 48, 85, 3, 72, 79, 53, 11, 70, 31, 65, 8, 95, 49, 12, 94, 25, 18, 44, 86, 27, 66, 32, 89]\n",
      "   [5, 23, 67, 56, 83, 52, 84, 76, 78, 29, 17, 20, 92, 74, 30, 41, 14, 45, 13, 21, 19, 68, 80, 77]\n",
      "   [7, 71, 55, 59, 58, 34, 40, 87, 51, 60, 82, 28, 90, 26, 42, 38, 39, 63, 57, 10, 46, 37, 15, 69]\n",
      "[1, 9, 81, 50, 62, 73, 75, 93, 61, 64, 91, 43, 96, 88, 16, 47, 35, 24, 22, 4, 36, 33, 6, 54] \n",
      "   cosets:\n",
      "   [2, 18, 65, 3, 27, 49, 53, 89, 25, 31, 85, 86, 95, 79, 32, 94, 70, 48, 44, 8, 72, 66, 12, 11]\n",
      "   [5, 45, 17, 56, 19, 74, 84, 77, 14, 29, 67, 21, 92, 52, 80, 41, 78, 23, 13, 20, 83, 68, 30, 76]\n",
      "   [7, 63, 82, 59, 46, 26, 40, 69, 39, 60, 55, 10, 90, 34, 15, 38, 51, 71, 57, 28, 58, 37, 42, 87]\n",
      "[1, 4, 16, 64, 62, 54, 22, 88, 61, 50, 6, 24, 96, 93, 81, 33, 35, 43, 75, 9, 36, 47, 91, 73] \n",
      "   cosets:\n",
      "   [2, 8, 32, 31, 27, 11, 44, 79, 25, 3, 12, 48, 95, 89, 65, 66, 70, 86, 53, 18, 72, 94, 85, 49]\n",
      "   [5, 20, 80, 29, 19, 76, 13, 52, 14, 56, 30, 23, 92, 77, 17, 68, 78, 21, 84, 45, 83, 41, 67, 74]\n",
      "   [7, 28, 15, 60, 46, 87, 57, 34, 39, 59, 42, 71, 90, 69, 82, 37, 51, 10, 40, 63, 58, 38, 55, 26]\n",
      "[1, 78, 70, 28, 50, 20, 8, 42, 75, 30, 12, 63, 64, 45, 18, 46, 96, 19, 27, 69, 47, 77, 89, 55, 22, 67, 85, 34, 33, 52, 79, 51] \n",
      "   cosets:\n",
      "   [2, 59, 43, 56, 3, 40, 16, 84, 53, 60, 24, 29, 31, 90, 36, 92, 95, 38, 54, 41, 94, 57, 81, 13, 44, 37, 73, 68, 66, 7, 61, 5]\n",
      "   [4, 21, 86, 15, 6, 80, 32, 71, 9, 23, 48, 58, 62, 83, 72, 87, 93, 76, 11, 82, 91, 17, 65, 26, 88, 74, 49, 39, 35, 14, 25, 10]\n",
      "[1, 77, 12, 51, 47, 30, 79, 69, 75, 52, 27, 42, 33, 19, 8, 34, 96, 20, 85, 46, 50, 67, 18, 28, 22, 45, 70, 55, 64, 78, 89, 63] \n",
      "   cosets:\n",
      "   [2, 57, 24, 5, 94, 60, 61, 41, 53, 7, 54, 84, 66, 38, 16, 68, 95, 40, 73, 92, 3, 37, 36, 56, 44, 90, 43, 13, 31, 59, 81, 29]\n",
      "   [4, 17, 48, 10, 91, 23, 25, 82, 9, 14, 11, 71, 35, 76, 32, 39, 93, 80, 49, 87, 6, 74, 72, 15, 88, 83, 86, 26, 62, 21, 65, 58]\n",
      "[1, 69, 8, 67, 64, 51, 27, 20, 22, 63, 79, 19, 50, 55, 12, 52, 96, 28, 89, 30, 33, 46, 70, 77, 75, 34, 18, 78, 47, 42, 85, 45] \n",
      "   cosets:\n",
      "   [2, 41, 16, 37, 31, 5, 54, 40, 44, 29, 61, 38, 3, 13, 24, 7, 95, 56, 81, 60, 66, 92, 43, 57, 53, 68, 36, 59, 94, 84, 73, 90]\n",
      "   [4, 82, 32, 74, 62, 10, 11, 80, 88, 58, 25, 76, 6, 26, 48, 14, 93, 15, 65, 23, 35, 87, 86, 17, 9, 39, 72, 21, 91, 71, 49, 83]\n",
      "[1, 67, 27, 63, 50, 52, 89, 46, 75, 78, 85, 69, 64, 20, 79, 55, 96, 30, 70, 34, 47, 45, 8, 51, 22, 19, 12, 28, 33, 77, 18, 42] \n",
      "   cosets:\n",
      "   [2, 37, 54, 29, 3, 7, 81, 92, 53, 59, 73, 41, 31, 40, 61, 13, 95, 60, 43, 68, 94, 90, 16, 5, 44, 38, 24, 56, 66, 57, 36, 84]\n",
      "   [4, 74, 11, 58, 6, 14, 65, 87, 9, 21, 49, 82, 62, 80, 25, 26, 93, 23, 86, 39, 91, 83, 32, 10, 88, 76, 48, 15, 35, 17, 72, 71]\n",
      "[1, 63, 89, 78, 64, 55, 70, 45, 22, 28, 18, 67, 50, 46, 85, 20, 96, 34, 8, 19, 33, 42, 27, 52, 75, 69, 79, 30, 47, 51, 12, 77] \n",
      "   cosets:\n",
      "   [2, 29, 81, 59, 31, 13, 43, 90, 44, 56, 36, 37, 3, 92, 73, 40, 95, 68, 16, 38, 66, 84, 54, 7, 53, 41, 61, 60, 94, 5, 24, 57]\n",
      "   [4, 58, 65, 21, 62, 26, 86, 83, 88, 15, 72, 74, 6, 87, 49, 80, 93, 39, 32, 76, 35, 71, 11, 14, 9, 82, 25, 23, 91, 10, 48, 17]\n",
      "[1, 55, 18, 20, 33, 69, 12, 78, 22, 46, 8, 52, 47, 63, 70, 67, 96, 42, 79, 77, 64, 28, 85, 19, 75, 51, 89, 45, 50, 34, 27, 30] \n",
      "   cosets:\n",
      "   [2, 13, 36, 40, 66, 41, 24, 59, 44, 92, 16, 7, 94, 29, 43, 37, 95, 84, 61, 57, 31, 56, 73, 38, 53, 5, 81, 90, 3, 68, 54, 60]\n",
      "   [4, 26, 72, 80, 35, 82, 48, 21, 88, 87, 32, 14, 91, 58, 86, 74, 93, 71, 25, 17, 62, 15, 49, 76, 9, 10, 65, 83, 6, 39, 11, 23]\n",
      "[1, 52, 85, 55, 47, 19, 18, 63, 75, 20, 70, 51, 33, 67, 89, 69, 96, 45, 12, 42, 50, 78, 79, 34, 22, 77, 27, 46, 64, 30, 8, 28] \n",
      "   cosets:\n",
      "   [2, 7, 73, 13, 94, 38, 36, 29, 53, 40, 43, 5, 66, 37, 81, 41, 95, 90, 24, 84, 3, 59, 61, 68, 44, 57, 54, 92, 31, 60, 16, 56]\n",
      "   [4, 14, 49, 26, 91, 76, 72, 58, 9, 80, 86, 10, 35, 74, 65, 82, 93, 83, 48, 71, 6, 21, 25, 39, 88, 17, 11, 87, 62, 23, 32, 15]\n",
      "[1, 51, 79, 52, 33, 34, 85, 67, 22, 55, 89, 77, 47, 69, 27, 19, 96, 46, 18, 45, 64, 63, 12, 30, 75, 42, 8, 20, 50, 28, 70, 78] \n",
      "   cosets:\n",
      "   [2, 5, 61, 7, 66, 68, 73, 37, 44, 13, 81, 57, 94, 41, 54, 38, 95, 92, 36, 90, 31, 29, 24, 60, 53, 84, 16, 40, 3, 56, 43, 59]\n",
      "   [4, 10, 25, 14, 35, 39, 49, 74, 88, 26, 65, 17, 91, 82, 11, 76, 93, 87, 72, 83, 62, 58, 48, 23, 9, 71, 32, 80, 6, 15, 86, 21]\n",
      "[1, 46, 79, 45, 33, 63, 85, 30, 22, 42, 89, 20, 47, 28, 27, 78, 96, 51, 18, 52, 64, 34, 12, 67, 75, 55, 8, 77, 50, 69, 70, 19] \n",
      "   cosets:\n",
      "   [2, 92, 61, 90, 66, 29, 73, 60, 44, 84, 81, 40, 94, 56, 54, 59, 95, 5, 36, 7, 31, 68, 24, 37, 53, 13, 16, 57, 3, 41, 43, 38]\n",
      "   [4, 87, 25, 83, 35, 58, 49, 23, 88, 71, 65, 80, 91, 15, 11, 21, 93, 10, 72, 14, 62, 39, 48, 74, 9, 26, 32, 17, 6, 82, 86, 76]\n",
      "[1, 45, 85, 42, 47, 78, 18, 34, 75, 77, 70, 46, 33, 30, 89, 28, 96, 52, 12, 55, 50, 19, 79, 63, 22, 20, 27, 51, 64, 67, 8, 69] \n",
      "   cosets:\n",
      "   [2, 90, 73, 84, 94, 59, 36, 68, 53, 57, 43, 92, 66, 60, 81, 56, 95, 7, 24, 13, 3, 38, 61, 29, 44, 40, 54, 5, 31, 37, 16, 41]\n",
      "   [4, 83, 49, 71, 91, 21, 72, 39, 9, 17, 86, 87, 35, 23, 65, 15, 93, 14, 48, 26, 6, 76, 25, 58, 88, 80, 11, 10, 62, 74, 32, 82]\n",
      "[1, 42, 18, 77, 33, 28, 12, 19, 22, 51, 8, 45, 47, 34, 70, 30, 96, 55, 79, 20, 64, 69, 85, 78, 75, 46, 89, 52, 50, 63, 27, 67] \n",
      "   cosets:\n",
      "   [2, 84, 36, 57, 66, 56, 24, 38, 44, 5, 16, 90, 94, 68, 43, 60, 95, 13, 61, 40, 31, 41, 73, 59, 53, 92, 81, 7, 3, 29, 54, 37]\n",
      "   [4, 71, 72, 17, 35, 15, 48, 76, 88, 10, 32, 83, 91, 39, 86, 23, 93, 26, 25, 80, 62, 82, 49, 21, 9, 87, 65, 14, 6, 58, 11, 74]\n",
      "[1, 34, 89, 19, 64, 42, 70, 52, 22, 69, 18, 30, 50, 51, 85, 77, 96, 63, 8, 78, 33, 55, 27, 45, 75, 28, 79, 67, 47, 46, 12, 20] \n",
      "   cosets:\n",
      "   [2, 68, 81, 38, 31, 84, 43, 7, 44, 41, 36, 60, 3, 5, 73, 57, 95, 29, 16, 59, 66, 13, 54, 90, 53, 56, 61, 37, 94, 92, 24, 40]\n",
      "   [4, 39, 65, 76, 62, 71, 86, 14, 88, 82, 72, 23, 6, 10, 49, 17, 93, 58, 32, 21, 35, 26, 11, 83, 9, 15, 25, 74, 91, 87, 48, 80]\n",
      "[1, 30, 27, 34, 50, 45, 89, 51, 75, 19, 85, 28, 64, 77, 79, 42, 96, 67, 70, 63, 47, 52, 8, 46, 22, 78, 12, 69, 33, 20, 18, 55] \n",
      "   cosets:\n",
      "   [2, 60, 54, 68, 3, 90, 81, 5, 53, 38, 73, 56, 31, 57, 61, 84, 95, 37, 43, 29, 94, 7, 16, 92, 44, 59, 24, 41, 66, 40, 36, 13]\n",
      "   [4, 23, 11, 39, 6, 83, 65, 10, 9, 76, 49, 15, 62, 17, 25, 71, 93, 74, 86, 58, 91, 14, 32, 87, 88, 21, 48, 82, 35, 80, 72, 26]\n",
      "[1, 28, 8, 30, 64, 46, 27, 77, 22, 34, 79, 78, 50, 42, 12, 45, 96, 69, 89, 67, 33, 51, 70, 20, 75, 63, 18, 19, 47, 55, 85, 52] \n",
      "   cosets:\n",
      "   [2, 56, 16, 60, 31, 92, 54, 57, 44, 68, 61, 59, 3, 84, 24, 90, 95, 41, 81, 37, 66, 5, 43, 40, 53, 29, 36, 38, 94, 13, 73, 7]\n",
      "   [4, 15, 32, 23, 62, 87, 11, 17, 88, 39, 25, 21, 6, 71, 48, 83, 93, 82, 65, 74, 35, 10, 86, 80, 9, 58, 72, 76, 91, 26, 49, 14]\n",
      "[1, 20, 12, 46, 47, 67, 79, 28, 75, 45, 27, 55, 33, 78, 8, 63, 96, 77, 85, 51, 50, 30, 18, 69, 22, 52, 70, 42, 64, 19, 89, 34] \n",
      "   cosets:\n",
      "   [2, 40, 24, 92, 94, 37, 61, 56, 53, 90, 54, 13, 66, 59, 16, 29, 95, 57, 73, 5, 3, 60, 36, 41, 44, 7, 43, 84, 31, 38, 81, 68]\n",
      "   [4, 80, 48, 87, 91, 74, 25, 15, 9, 83, 11, 26, 35, 21, 32, 58, 93, 17, 49, 10, 6, 23, 72, 82, 88, 14, 86, 71, 62, 76, 65, 39]\n",
      "[1, 19, 70, 69, 50, 77, 8, 55, 75, 67, 12, 34, 64, 52, 18, 51, 96, 78, 27, 28, 47, 20, 89, 42, 22, 30, 85, 63, 33, 45, 79, 46] \n",
      "   cosets:\n",
      "   [2, 38, 43, 41, 3, 57, 16, 13, 53, 37, 24, 68, 31, 7, 36, 5, 95, 59, 54, 56, 94, 40, 81, 84, 44, 60, 73, 29, 66, 90, 61, 92]\n",
      "   [4, 76, 86, 82, 6, 17, 32, 26, 9, 74, 48, 39, 62, 14, 72, 10, 93, 21, 11, 15, 91, 80, 65, 71, 88, 23, 49, 58, 35, 83, 25, 87]\n",
      "[1, 95, 4, 89, 16, 65, 64, 66, 62, 70, 54, 86, 22, 53, 88, 18, 61, 72, 50, 94, 6, 85, 24, 49, 96, 2, 93, 8, 81, 32, 33, 31, 35, 27, 43, 11, 75, 44, 9, 79, 36, 25, 47, 3, 91, 12, 73, 48] \n",
      "   cosets:\n",
      "   [5, 87, 20, 57, 80, 34, 29, 39, 19, 59, 76, 42, 13, 71, 52, 90, 14, 69, 56, 82, 30, 37, 23, 51, 92, 10, 77, 40, 17, 63, 68, 58, 78, 38, 21, 55, 84, 26, 45, 7, 83, 28, 41, 15, 67, 60, 74, 46]\n",
      "[1, 94, 9, 70, 81, 48, 50, 44, 62, 8, 73, 72, 75, 66, 93, 12, 61, 11, 64, 2, 91, 18, 43, 65, 96, 3, 88, 27, 16, 49, 47, 53, 35, 89, 24, 25, 22, 31, 4, 85, 36, 86, 33, 95, 6, 79, 54, 32] \n",
      "   cosets:\n",
      "   [5, 82, 45, 59, 17, 46, 56, 26, 19, 40, 74, 69, 84, 39, 77, 60, 14, 55, 29, 10, 67, 90, 21, 34, 92, 15, 52, 38, 80, 51, 41, 71, 78, 57, 23, 28, 13, 58, 20, 37, 83, 42, 68, 87, 30, 7, 76, 63]\n",
      "[1, 86, 24, 27, 91, 66, 50, 32, 36, 89, 88, 2, 75, 48, 54, 85, 35, 3, 64, 72, 81, 79, 4, 53, 96, 11, 73, 70, 6, 31, 47, 65, 61, 8, 9, 95, 22, 49, 43, 12, 62, 94, 33, 25, 16, 18, 93, 44] \n",
      "   cosets:\n",
      "   [5, 42, 23, 38, 67, 39, 56, 63, 83, 57, 52, 10, 84, 46, 76, 37, 78, 15, 29, 69, 17, 7, 20, 71, 92, 55, 74, 59, 30, 58, 41, 34, 14, 40, 45, 87, 13, 51, 21, 60, 19, 82, 68, 28, 80, 90, 77, 26]\n",
      "[1, 72, 43, 89, 6, 44, 64, 49, 36, 70, 93, 3, 22, 32, 73, 18, 35, 95, 50, 11, 16, 85, 9, 66, 96, 25, 54, 8, 91, 53, 33, 48, 61, 27, 4, 94, 75, 65, 24, 79, 62, 2, 47, 86, 81, 12, 88, 31] \n",
      "   cosets:\n",
      "   [5, 69, 21, 57, 30, 26, 29, 51, 83, 59, 77, 15, 13, 63, 74, 90, 78, 87, 56, 55, 80, 37, 45, 39, 92, 28, 76, 40, 67, 71, 68, 46, 14, 38, 20, 82, 84, 34, 23, 7, 19, 10, 41, 42, 17, 60, 52, 58]\n",
      "[1, 66, 88, 85, 81, 11, 47, 95, 62, 18, 24, 32, 75, 3, 4, 70, 61, 49, 33, 44, 91, 89, 54, 72, 96, 31, 9, 12, 16, 86, 50, 2, 35, 79, 73, 65, 22, 94, 93, 27, 36, 48, 64, 53, 6, 8, 43, 25] \n",
      "   cosets:\n",
      "   [5, 39, 52, 37, 17, 55, 41, 87, 19, 90, 23, 63, 84, 15, 20, 59, 14, 51, 68, 26, 67, 57, 76, 69, 92, 58, 45, 60, 80, 42, 56, 10, 78, 7, 74, 34, 13, 82, 77, 38, 83, 46, 29, 71, 30, 40, 21, 28]\n",
      "[1, 65, 54, 18, 6, 2, 33, 11, 36, 12, 4, 66, 22, 72, 24, 8, 35, 44, 47, 48, 16, 70, 88, 94, 96, 32, 43, 79, 91, 95, 64, 86, 61, 85, 93, 31, 75, 25, 73, 89, 62, 53, 50, 49, 81, 27, 9, 3] \n",
      "   cosets:\n",
      "   [5, 34, 76, 90, 30, 10, 68, 55, 83, 60, 20, 39, 13, 69, 23, 40, 78, 26, 41, 46, 80, 59, 52, 82, 92, 63, 21, 7, 67, 87, 29, 42, 14, 37, 77, 58, 84, 28, 74, 57, 19, 71, 56, 51, 17, 38, 45, 15]\n",
      "[1, 53, 93, 79, 16, 72, 33, 3, 62, 85, 43, 48, 22, 2, 9, 89, 61, 32, 47, 66, 6, 27, 73, 86, 96, 44, 4, 18, 81, 25, 64, 94, 35, 12, 54, 49, 75, 95, 88, 8, 36, 65, 50, 31, 91, 70, 24, 11] \n",
      "   cosets:\n",
      "   [5, 71, 77, 7, 80, 69, 68, 15, 19, 37, 21, 46, 13, 10, 45, 57, 14, 63, 41, 39, 30, 38, 74, 42, 92, 26, 20, 90, 17, 28, 29, 82, 78, 60, 76, 51, 84, 87, 52, 40, 83, 34, 56, 58, 67, 59, 23, 55]\n",
      "[1, 49, 73, 85, 91, 94, 47, 72, 36, 18, 9, 53, 75, 86, 43, 70, 35, 66, 33, 65, 81, 89, 93, 95, 96, 48, 24, 12, 6, 3, 50, 25, 61, 79, 88, 44, 22, 11, 54, 27, 62, 31, 64, 32, 16, 8, 4, 2] \n",
      "   cosets:\n",
      "   [5, 51, 74, 37, 67, 82, 41, 69, 83, 90, 45, 71, 84, 42, 21, 59, 78, 39, 68, 34, 17, 57, 77, 87, 92, 46, 23, 60, 30, 15, 56, 28, 14, 7, 52, 26, 13, 55, 76, 38, 19, 58, 29, 63, 80, 40, 20, 10]\n",
      "[1, 48, 73, 12, 91, 3, 47, 25, 36, 79, 9, 44, 75, 11, 43, 27, 35, 31, 33, 32, 81, 8, 93, 2, 96, 49, 24, 85, 6, 94, 50, 72, 61, 18, 88, 53, 22, 86, 54, 70, 62, 66, 64, 65, 16, 89, 4, 95] \n",
      "   cosets:\n",
      "   [5, 46, 74, 60, 67, 15, 41, 28, 83, 7, 45, 26, 84, 55, 21, 38, 78, 58, 68, 63, 17, 40, 77, 10, 92, 51, 23, 37, 30, 82, 56, 69, 14, 90, 52, 71, 13, 42, 76, 59, 19, 39, 29, 34, 80, 57, 20, 87]\n",
      "[1, 44, 93, 18, 16, 25, 33, 94, 62, 12, 43, 49, 22, 95, 9, 8, 61, 65, 47, 31, 6, 70, 73, 11, 96, 53, 4, 79, 81, 72, 64, 3, 35, 85, 54, 48, 75, 2, 88, 89, 36, 32, 50, 66, 91, 27, 24, 86] \n",
      "   cosets:\n",
      "   [5, 26, 77, 90, 80, 28, 68, 82, 19, 60, 21, 51, 13, 87, 45, 40, 14, 34, 41, 58, 30, 59, 74, 55, 92, 71, 20, 7, 17, 69, 29, 15, 78, 37, 76, 46, 84, 10, 52, 57, 83, 63, 56, 39, 67, 38, 23, 42]\n",
      "[1, 32, 54, 79, 6, 95, 33, 86, 36, 85, 4, 31, 22, 25, 24, 89, 35, 53, 47, 49, 16, 27, 88, 3, 96, 65, 43, 18, 91, 2, 64, 11, 61, 12, 93, 66, 75, 72, 73, 8, 62, 44, 50, 48, 81, 70, 9, 94] \n",
      "   cosets:\n",
      "   [5, 63, 76, 7, 30, 87, 68, 42, 83, 37, 20, 58, 13, 28, 23, 57, 78, 71, 41, 51, 80, 38, 52, 15, 92, 34, 21, 90, 67, 10, 29, 55, 14, 60, 77, 39, 84, 69, 74, 40, 19, 26, 56, 46, 17, 59, 45, 82]\n",
      "[1, 31, 88, 12, 81, 86, 47, 2, 62, 79, 24, 65, 75, 94, 4, 27, 61, 48, 33, 53, 91, 8, 54, 25, 96, 66, 9, 85, 16, 11, 50, 95, 35, 18, 73, 32, 22, 3, 93, 70, 36, 49, 64, 44, 6, 89, 43, 72] \n",
      "   cosets:\n",
      "   [5, 58, 52, 60, 17, 42, 41, 10, 19, 7, 23, 34, 84, 82, 20, 38, 14, 46, 68, 71, 67, 40, 76, 28, 92, 39, 45, 37, 80, 55, 56, 87, 78, 90, 74, 63, 13, 15, 77, 59, 83, 51, 29, 26, 30, 57, 21, 69]\n",
      "[1, 25, 43, 8, 6, 53, 64, 48, 36, 27, 93, 94, 22, 65, 73, 79, 35, 2, 50, 86, 16, 12, 9, 31, 96, 72, 54, 89, 91, 44, 33, 49, 61, 70, 4, 3, 75, 32, 24, 18, 62, 95, 47, 11, 81, 85, 88, 66] \n",
      "   cosets:\n",
      "   [5, 28, 21, 40, 30, 71, 29, 46, 83, 38, 77, 82, 13, 34, 74, 7, 78, 10, 56, 42, 80, 60, 45, 58, 92, 69, 76, 57, 67, 26, 68, 51, 14, 59, 20, 15, 84, 63, 23, 90, 19, 87, 41, 55, 17, 37, 52, 39]\n",
      "[1, 11, 24, 70, 91, 31, 50, 65, 36, 8, 88, 95, 75, 49, 54, 12, 35, 94, 64, 25, 81, 18, 4, 44, 96, 86, 73, 27, 6, 66, 47, 32, 61, 89, 9, 2, 22, 48, 43, 85, 62, 3, 33, 72, 16, 79, 93, 53] \n",
      "   cosets:\n",
      "   [5, 55, 23, 59, 67, 58, 56, 34, 83, 40, 52, 87, 84, 51, 76, 60, 78, 82, 29, 28, 17, 90, 20, 26, 92, 42, 74, 38, 30, 39, 41, 63, 14, 57, 45, 10, 13, 46, 21, 37, 19, 15, 68, 69, 80, 7, 77, 71]\n",
      "[1, 3, 9, 27, 81, 49, 50, 53, 62, 89, 73, 25, 75, 31, 93, 85, 61, 86, 64, 95, 91, 79, 43, 32, 96, 94, 88, 70, 16, 48, 47, 44, 35, 8, 24, 72, 22, 66, 4, 12, 36, 11, 33, 2, 6, 18, 54, 65] \n",
      "   cosets:\n",
      "   [5, 15, 45, 38, 17, 51, 56, 71, 19, 57, 74, 28, 84, 58, 77, 37, 14, 42, 29, 87, 67, 7, 21, 63, 92, 82, 52, 59, 80, 46, 41, 26, 78, 40, 23, 69, 13, 39, 20, 60, 83, 55, 68, 10, 30, 90, 76, 34]\n",
      "[1, 2, 4, 8, 16, 32, 64, 31, 62, 27, 54, 11, 22, 44, 88, 79, 61, 25, 50, 3, 6, 12, 24, 48, 96, 95, 93, 89, 81, 65, 33, 66, 35, 70, 43, 86, 75, 53, 9, 18, 36, 72, 47, 94, 91, 85, 73, 49] \n",
      "   cosets:\n",
      "   [5, 10, 20, 40, 80, 63, 29, 58, 19, 38, 76, 55, 13, 26, 52, 7, 14, 28, 56, 15, 30, 60, 23, 46, 92, 87, 77, 57, 17, 34, 68, 39, 78, 59, 21, 42, 84, 71, 45, 90, 83, 69, 41, 82, 67, 37, 74, 51]\n",
      "[1, 92, 25, 69, 43, 76, 8, 57, 6, 67, 53, 26, 64, 68, 48, 51, 36, 14, 27, 59, 93, 20, 94, 15, 22, 84, 65, 63, 73, 23, 79, 90, 35, 19, 2, 87, 50, 41, 86, 55, 16, 17, 12, 37, 9, 52, 31, 39, 96, 5, 72, 28, 54, 21, 89, 40, 91, 30, 44, 71, 33, 29, 49, 46, 61, 83, 70, 38, 4, 77, 3, 82, 75, 13, 32, 34, 24, 74, 18, 7, 62, 78, 95, 10, 47, 56, 11, 42, 81, 80, 85, 60, 88, 45, 66, 58] \n",
      "    92 generates group\n",
      "[1, 90, 49, 45, 73, 71, 85, 84, 91, 42, 94, 21, 47, 59, 72, 78, 36, 39, 18, 68, 9, 34, 53, 17, 75, 57, 86, 77, 43, 87, 70, 92, 35, 46, 66, 23, 33, 60, 65, 30, 81, 15, 89, 56, 93, 28, 95, 14, 96, 7, 48, 52, 24, 26, 12, 13, 6, 55, 3, 76, 50, 38, 25, 19, 61, 58, 79, 29, 88, 63, 44, 80, 22, 40, 11, 20, 54, 10, 27, 5, 62, 51, 31, 74, 64, 37, 32, 67, 16, 82, 8, 41, 4, 69, 2, 83] \n",
      "    90 generates group\n",
      "[1, 87, 3, 67, 9, 7, 27, 21, 81, 63, 49, 92, 50, 82, 53, 52, 62, 59, 89, 80, 73, 46, 25, 41, 75, 26, 31, 78, 93, 40, 85, 23, 61, 69, 86, 13, 64, 39, 95, 20, 91, 60, 79, 83, 43, 55, 32, 68, 96, 10, 94, 30, 88, 90, 70, 76, 16, 34, 48, 5, 47, 15, 44, 45, 35, 38, 8, 17, 24, 51, 72, 56, 22, 71, 66, 19, 4, 57, 12, 74, 36, 28, 11, 84, 33, 58, 2, 77, 6, 37, 18, 14, 54, 42, 65, 29] \n",
      "    87 generates group\n",
      "[1, 84, 72, 34, 43, 23, 89, 7, 6, 19, 44, 10, 64, 41, 49, 42, 36, 17, 70, 60, 93, 52, 3, 58, 22, 5, 32, 69, 73, 21, 18, 57, 35, 30, 95, 26, 50, 29, 11, 51, 16, 83, 85, 59, 9, 77, 66, 15, 96, 13, 25, 63, 54, 74, 8, 90, 91, 78, 53, 87, 33, 56, 48, 55, 61, 80, 27, 37, 4, 45, 94, 39, 75, 92, 65, 28, 24, 76, 79, 40, 62, 67, 2, 71, 47, 68, 86, 46, 81, 14, 12, 38, 88, 20, 31, 82] \n",
      "    84 generates group\n",
      "[1, 83, 2, 69, 4, 41, 8, 82, 16, 67, 32, 37, 64, 74, 31, 51, 62, 5, 27, 10, 54, 20, 11, 40, 22, 80, 44, 63, 88, 29, 79, 58, 61, 19, 25, 38, 50, 76, 3, 55, 6, 13, 12, 26, 24, 52, 48, 7, 96, 14, 95, 28, 93, 56, 89, 15, 81, 30, 65, 60, 33, 23, 66, 46, 35, 92, 70, 87, 43, 77, 86, 57, 75, 17, 53, 34, 9, 68, 18, 39, 36, 78, 72, 59, 47, 21, 94, 42, 91, 84, 85, 71, 73, 45, 49, 90] \n",
      "    83 generates group\n",
      "[1, 82, 31, 20, 88, 38, 12, 14, 81, 46, 86, 68, 47, 71, 2, 67, 62, 40, 79, 76, 24, 28, 65, 92, 75, 39, 94, 45, 4, 37, 27, 80, 61, 55, 48, 56, 33, 87, 53, 78, 91, 90, 8, 74, 54, 63, 25, 13, 96, 15, 66, 77, 9, 59, 85, 83, 16, 51, 11, 29, 50, 26, 95, 30, 35, 57, 18, 21, 73, 69, 32, 5, 22, 58, 3, 52, 93, 60, 70, 17, 36, 42, 49, 41, 64, 10, 44, 19, 6, 7, 89, 23, 43, 34, 72, 84] \n",
      "    82 generates group\n",
      "[1, 80, 95, 34, 4, 29, 89, 39, 16, 19, 65, 59, 64, 76, 66, 42, 62, 13, 70, 71, 54, 52, 86, 90, 22, 14, 53, 69, 88, 56, 18, 82, 61, 30, 72, 37, 50, 23, 94, 51, 6, 92, 85, 10, 24, 77, 49, 40, 96, 17, 2, 63, 93, 68, 8, 58, 81, 78, 32, 38, 33, 21, 31, 55, 35, 84, 27, 26, 43, 45, 11, 7, 75, 83, 44, 28, 9, 41, 79, 15, 36, 67, 25, 60, 47, 74, 3, 46, 91, 5, 12, 87, 73, 20, 48, 57] \n",
      "    80 generates group\n",
      "[1, 76, 53, 51, 93, 84, 79, 87, 16, 52, 72, 40, 33, 83, 3, 34, 62, 56, 85, 58, 43, 67, 48, 59, 22, 23, 2, 55, 9, 5, 89, 71, 61, 77, 32, 7, 47, 80, 66, 69, 6, 68, 27, 15, 73, 19, 86, 37, 96, 21, 44, 46, 4, 13, 18, 10, 81, 45, 25, 57, 64, 14, 94, 63, 35, 41, 12, 39, 54, 30, 49, 38, 75, 74, 95, 42, 88, 92, 8, 26, 36, 20, 65, 90, 50, 17, 31, 28, 91, 29, 70, 82, 24, 78, 11, 60] \n",
      "    76 generates group\n",
      "[1, 74, 44, 55, 93, 92, 18, 71, 16, 20, 25, 7, 33, 17, 94, 69, 62, 29, 12, 15, 43, 78, 49, 37, 22, 76, 95, 46, 9, 84, 8, 10, 61, 52, 65, 57, 47, 83, 31, 63, 6, 56, 70, 39, 73, 67, 11, 38, 96, 23, 53, 42, 4, 5, 79, 26, 81, 77, 72, 90, 64, 80, 3, 28, 35, 68, 85, 82, 54, 19, 48, 60, 75, 21, 2, 51, 88, 13, 89, 87, 36, 45, 32, 40, 50, 14, 66, 34, 91, 41, 27, 58, 24, 30, 86, 59] \n",
      "    74 generates group\n",
      "[1, 71, 94, 78, 9, 57, 70, 23, 81, 28, 48, 13, 50, 58, 44, 20, 62, 37, 8, 83, 73, 42, 72, 68, 75, 87, 66, 30, 93, 7, 12, 76, 61, 63, 11, 5, 64, 82, 2, 45, 91, 59, 18, 17, 43, 46, 65, 56, 96, 26, 3, 19, 88, 40, 27, 74, 16, 69, 49, 84, 47, 39, 53, 77, 35, 60, 89, 14, 24, 55, 25, 29, 22, 10, 31, 67, 4, 90, 85, 21, 36, 34, 86, 92, 33, 15, 95, 52, 6, 38, 79, 80, 54, 51, 32, 41] \n",
      "    71 generates group\n",
      "[1, 68, 65, 55, 54, 83, 18, 60, 6, 20, 2, 39, 33, 13, 11, 69, 36, 23, 12, 40, 4, 78, 66, 26, 22, 41, 72, 46, 24, 80, 8, 59, 35, 52, 44, 82, 47, 92, 48, 63, 16, 21, 70, 7, 88, 67, 94, 87, 96, 29, 32, 42, 43, 14, 79, 37, 91, 77, 95, 58, 64, 84, 86, 28, 61, 74, 85, 57, 93, 19, 31, 71, 75, 56, 25, 51, 73, 17, 89, 38, 62, 45, 53, 15, 50, 5, 49, 34, 81, 76, 27, 90, 9, 30, 3, 10] \n",
      "    68 generates group\n",
      "[1, 60, 11, 78, 24, 82, 70, 29, 91, 28, 31, 17, 50, 90, 65, 20, 36, 26, 8, 92, 88, 42, 95, 74, 75, 38, 49, 30, 54, 39, 12, 41, 35, 63, 94, 14, 64, 57, 25, 45, 81, 10, 18, 13, 4, 46, 44, 21, 96, 37, 86, 19, 73, 15, 27, 68, 6, 69, 66, 80, 47, 7, 32, 77, 61, 71, 89, 5, 9, 55, 2, 23, 22, 59, 48, 67, 43, 58, 85, 56, 62, 34, 3, 83, 33, 40, 72, 52, 16, 87, 79, 84, 93, 51, 53, 76] \n",
      "    60 generates group\n",
      "[1, 59, 86, 30, 24, 58, 27, 41, 91, 34, 66, 14, 50, 40, 32, 45, 36, 87, 89, 13, 88, 51, 2, 21, 75, 60, 48, 19, 54, 82, 85, 68, 35, 28, 3, 80, 64, 90, 72, 77, 81, 26, 79, 5, 4, 42, 53, 23, 96, 38, 11, 67, 73, 39, 70, 56, 6, 63, 31, 83, 47, 57, 65, 52, 61, 10, 8, 84, 9, 46, 95, 76, 22, 37, 49, 78, 43, 15, 12, 29, 62, 69, 94, 17, 33, 7, 25, 20, 16, 71, 18, 92, 93, 55, 44, 74] \n",
      "    59 generates group\n",
      "[1, 58, 66, 45, 88, 60, 85, 80, 81, 42, 11, 56, 47, 10, 95, 78, 62, 7, 18, 74, 24, 34, 32, 13, 75, 82, 3, 77, 4, 38, 70, 83, 61, 46, 49, 29, 33, 71, 44, 30, 91, 40, 89, 21, 54, 28, 72, 5, 96, 39, 31, 52, 9, 37, 12, 17, 16, 55, 86, 41, 50, 87, 2, 19, 35, 90, 79, 23, 73, 63, 65, 84, 22, 15, 94, 20, 93, 59, 27, 14, 36, 51, 48, 68, 64, 26, 53, 67, 6, 57, 8, 76, 43, 69, 25, 92] \n",
      "    58 generates group\n",
      "[1, 57, 48, 20, 73, 87, 12, 5, 91, 46, 3, 74, 47, 60, 25, 67, 36, 15, 79, 41, 9, 28, 44, 83, 75, 7, 11, 45, 43, 26, 27, 84, 35, 55, 31, 21, 33, 38, 32, 78, 81, 58, 8, 68, 93, 63, 2, 17, 96, 40, 49, 77, 24, 10, 85, 92, 6, 51, 94, 23, 50, 37, 72, 30, 61, 82, 18, 56, 88, 69, 53, 14, 22, 90, 86, 52, 54, 71, 70, 13, 62, 42, 66, 76, 64, 59, 65, 19, 16, 39, 89, 29, 4, 34, 95, 80] \n",
